[eloise@GZDEV02 ~]$ cat /tmp/Testing/discon_portin.txt
62022627
62027719
62115413
62117031
62207238
62229942
62230067
62230733
62230962
62237715
62237770
62237868
62239969
62240033

62266189
62298533
62308848
62320797
62324684


62325992
62330503
62330851
62331681
62331935
62332987
62333514
62336368
62353050
62355694
62370976
62379684
62388390
85262388707
62390816
62494508
62499288
62524304
85362230962
62237715
62237770
62237868
62239969
62240033
62266189
62298533;
62308848
62320797
62324684
62325992
62532110
62534758
62539421
62648850
62656226
62662793
62667374
62668238
62669848
62230962
62237715
62237770
62237868
62239969
62240033
62266189
62298533
62308848
62320797
62324684
62237770
62237868
62239969
62240033
62266189
62298533
62308848
62320797
62324684
62325992
62532110
62534758
62539421
62648850
62656226
62662793
62667374
62668238
62669848
62230962
62237715
62237770
62237770
62237770
62237770
62237868
62239969
62240033
62266189
62298533
62308848
62320797
62324684
62325992
62727072
62740544
62752439
62755855
62780618
62790699
62800372
62801306
62808024
62813396
62814981
62819998
62820604
62237770
62237868
62239969
85362240033
62266189
62298533
62308848
62320797
62324684
62325992
62532110
62534758
62539421
62648850
62656226
62662793
85362667374
85362668238
62669848
62230962
62237715
62237770
62237868
62239969
62240033
62266189
62298533
62308848
62320797
62324684
62822819
62825095
62857693
62922999
63061653
63083033
66101261
66101770
66105118
66105261
66111167
66111708
66112098
66120309
66121756
66123484
66124484
66128013
66134750
66167300
66170456
66171322
66171656
66174160
66177536
66179115
66182052
66188598
66192993
66303830
66308620
66310607
66312290
66314808
66315371
66316671
66324528
66329107
66331251
66348660
62656226
62662793
62667374
62668238
62669848
62230962
62237715
62237770
62237868
62239969
62240033
62266189
62298533
62308848
62320797
62324684
62822819
62825095
62857693
62922999
63061653
63083033
66101261
66101770
66105118
66105261
66111167
66111708
66112098
66120309
66351544
66355287
66356146
66357544
66363872
66382267
66386522
66391922
66393592
66399193
66420001
66422106
66423713
66426820
66429729
66458004
66474131
66482613
66500936
66501369
66504821
66515766
66519257
66527646
66531686
66540357
66541789
66542393
66545397
66548188
66553662
66560810
66563309
66569732
66576138
66577872
66586119
66604516
66610073
66624048
66627331
66634926
66639783
66642255
66646407
66653309
66657016
66660570
66664848
66665373
66665574
66670125
66671787
66684886
66687852
66690264
66692086
66693491
66696249
66721926
66740078
66755689
66760187
66760978
66761146
66773696
66773897
66775421
66777066
66777977
66778269
66692086
66693491
66696249
66721926
66740078
66755689
66760187
66760978
66761146
66773696
66773897
66775421
66777066
66777977
66778269
66804194
66805517
66808910
66808964
66812692
66823859
66824101
66840151
66840360
66692086
66693491
66696249
66721926
66740078
66755689
66760187
66760978
66761146
66773696
66773897
66775421
66777066
66777977
66778269
66804194
66805517
66808910
66808964
66812692
66823859
66824101
66840151
66840360
66804194
66805517
66808910
66808964
66812692
66823859
66824101
66840151
66840360
66845763
66846039
66856398
66858551
66883793
66884153
66886097
66896490
66928078
66935789
66944007
66956516
66971563
66973037
66976228
66976653
66978062
66808910
66808964
66812692
66823859
66824101
66840151
66840360
66692086
66693491
66696249
66721926
66740078
66755689
66760187
66760978
66761146
66773696
66773897
66775421
66777066
66777977
66778269
66804194
66805517
66808910
66808964
66812692
66823859
66824101
66840151
66840360
66978851
66812692
66823859
66824101
66840151
66840360
66692086
66693491
66696249
66721926
66740078
66755689
66760187
66760978
66761146
66773696
66773897
[eloise@GZDEV02 ~]$ 